6
  0  40  47 273 288 334
 40   0  27 253 249 293
 47  27   0 278 259 300
273 253 278   0 209 258
288 249 259 209   0  53
334 293 300 258 53    0
