8
  0  40  47 273 288 334 356 141
 40   0  27 253 249 293 316 102
 47  27   0 278 259 300 317 100
273 253 278   0 209 258 322 251
288 249 259 209   0  53 113 167
334 293 300 258 53    0  69 203
356 316 317 322 113 69    0 217
141 102 100 251 167 203 217   0
